-0.00178835 0.00445075 0.135586
-0.00154498 0.00414186 0.136006
-0.00199627 0.00415685 0.135568
-0.00167752 0.00393847 0.135585
-0.00184647 0.00386682 0.135459
-0.00161779 0.00403853 0.135946
-0.00166446 0.00412514 0.135665
-0.00195759 0.00415806 0.135658
-0.00160557 0.00446561 0.135152
-0.00146599 0.00433785 0.135372
-0.00157994 0.00422139 0.135761
-0.00182411 0.00392452 0.135783
-0.00191083 0.00410723 0.135589
-0.00158938 0.00442292 0.135423
-0.00176061 0.00423652 0.135821
-0.00142269 0.00474548 0.135672
-0.00172921 0.00406987 0.135651
-0.00202578 0.00410045 0.135846
-0.00180962 0.00441128 0.135287
-0.00159745 0.0045917 0.135826
-0.00180374 0.00448993 0.136181
-0.0017242 0.0045854 0.135505
-0.00151021 0.00422809 0.135811
-0.00172226 0.00392075 0.135957
-0.0017311 0.00418294 0.135517
-0.00165281 0.00436527 0.13601
-0.00131068 0.00454593 0.135782
-0.0017092 0.00403225 0.135007
-0.00174398 0.00407315 0.135631
-0.00129464 0.00444282 0.135772
-0.00151467 0.00414842 0.136008
-0.00152483 0.00407962 0.136004
-0.00151923 0.0044846 0.135391
-0.00160866 0.00428611 0.136083
-0.00198519 0.00415458 0.135847
-0.00169455 0.00424735 0.13563
-0.0013865 0.00442374 0.135724
-0.00203349 0.00413982 0.13557
-0.00197228 0.0042632 0.134832
-0.00110466 0.00437486 0.135866
-0.00168327 0.00422179 0.135903
-0.00184379 0.00442793 0.135366
-0.00158663 0.00412551 0.135789
-0.00143681 0.00394782 0.135547
-0.00185469 0.0038795 0.135907
-0.00167961 0.00418528 0.135929
-0.00140315 0.00460948 0.13554
-0.00167845 0.00412073 0.135914
-0.00120821 0.00401146 0.135342
-0.00147356 0.00409353 0.135475
-0.00204969 0.00426424 0.135954
-0.00171803 0.00400295 0.135884
-0.0015494 0.00363411 0.136081
-0.00174397 0.00428709 0.13553
-0.00134883 0.00457083 0.135619
-0.0013772 0.0046969 0.136022
-0.00191682 0.00419689 0.135835
-0.00164843 0.00434181 0.135086
-0.00130154 0.00451993 0.135406
-0.00163287 0.00402474 0.135689
-0.00182787 0.00425242 0.135691
-0.00182963 0.00431321 0.136855
-0.00191735 0.00429664 0.135392
-0.00149037 0.00441256 0.13524
-0.00143455 0.00458914 0.135783
-0.00213014 0.00416012 0.135831
-0.00204298 0.00407602 0.135666
-0.0017551 0.00443847 0.136305
-0.00189414 0.00433658 0.135157
-0.00161536 0.00470914 0.135397
-0.00145885 0.00419291 0.135775
-0.00225602 0.00406796 0.135653
-0.0017035 0.00430092 0.135301
-0.00132761 0.0042804 0.135412
-0.00152236 0.00425492 0.135564
-0.00171982 0.00417329 0.136341
-0.0018584 0.00405646 0.136037
-0.00169531 0.00427253 0.135239
-0.00153583 0.00427974 0.135676
-0.00167063 0.00403962 0.135484
-0.00170621 0.00410812 0.136035
-0.00156164 0.00399068 0.135756
-0.00146737 0.00394749 0.13557
-0.00186475 0.00431405 0.135751
-0.00196309 0.0042644 0.135428
-0.00145283 0.00397109 0.135608
-0.0016855 0.00388841 0.135802
-0.00176041 0.00395916 0.135715
-0.00192056 0.00389094 0.134997
-0.00182021 0.00422002 0.136138
-0.0019172 0.0045256 0.135621
-0.00178941 0.00466793 0.135814
-0.00178349 0.00425281 0.135478
-0.00186714 0.0037849 0.135344
-0.00172516 0.00399516 0.136037
-0.00181634 0.00403425 0.135826
-0.00170332 0.00407187 0.135743
-0.00157845 0.00412685 0.13614
-0.00174268 0.0042471 0.135038
-0.00189752 0.00437538 0.135716
-0.00177316 0.00409117 0.135582
-0.00160424 0.00382164 0.13545
-0.00155131 0.004352 0.135468
-0.0016903 0.00434026 0.135406
-0.00184752 0.00463931 0.135361
-0.00189234 0.00427073 0.135677
-0.00189493 0.0035546 0.135999
-0.00141134 0.00419801 0.135563
-0.00159473 0.00409451 0.135525
-0.00192089 0.00395292 0.135416
-0.00181254 0.00425653 0.135444
-0.00144624 0.00395796 0.13619
-0.00126487 0.00417941 0.135017
-0.00182903 0.00421442 0.135565
-0.00190754 0.00437621 0.13562
-0.00171339 0.0040604 0.135861
-0.00177751 0.00397505 0.136053
-0.00155297 0.00432613 0.135492
-0.00157614 0.0039979 0.13506
-0.00208784 0.00382668 0.136311
-0.00181417 0.00418029 0.136295
-0.00166267 0.004318 0.135802
-0.00170727 0.00479793 0.135517
-0.00155786 0.00414627 0.135672
-0.00188628 0.00386669 0.135213
-0.00226806 0.00382893 0.135755
-0.00187038 0.00431617 0.135737
-0.00137944 0.00429312 0.136167
-0.00150816 0.0040925 0.135211
-0.00193364 0.00398393 0.135498
-0.00181817 0.00412791 0.13615
-0.00145578 0.00413312 0.135807
-0.00153937 0.00424421 0.135511
-0.00173489 0.00470507 0.135633
-0.00178702 0.00438126 0.135002
-0.00133521 0.00416936 0.136154
-0.00146676 0.00447213 0.135782
-0.00217956 0.00460917 0.135071
-0.00185241 0.00402699 0.135994
-0.00144567 0.00421417 0.135735
-0.00158701 0.00442146 0.13584
-0.00198628 0.0043583 0.13613
-0.00150172 0.00404561 0.135315
-0.00161196 0.00425958 0.13561
-0.00175058 0.00455949 0.135829
-0.00191388 0.00434332 0.135371
-0.00169018 0.00406599 0.136403
-0.00197453 0.00407089 0.13562
-0.00170961 0.00423844 0.135039
-0.00161931 0.0044089 0.135933
-0.00175596 0.00407962 0.135826
-0.00178664 0.00397411 0.135893
-0.00185631 0.0040772 0.135629
-0.00159486 0.00457704 0.135237
-0.00161512 0.00408766 0.135729
-0.00161707 0.00377969 0.135743
-0.00194932 0.0042116 0.136137
-0.00187366 0.00389929 0.135811
-0.00150913 0.00360774 0.135368
-0.00163041 0.00389079 0.135493
-0.00181613 0.00407244 0.135644
-0.00170177 0.0041514 0.135868
-0.00147627 0.00426013 0.135765
-0.0019621 0.00409546 0.135649
-0.00158381 0.00393509 0.135371
-0.00162321 0.00412036 0.135722
-0.00174493 0.00428228 0.136272
-0.00130505 0.00435367 0.135755
-0.00173136 0.00416672 0.135739
-0.00185742 0.00432201 0.135771
-0.00165737 0.00446592 0.135909
-0.0020523 0.00402574 0.135441
-0.00174178 0.00396338 0.135398
-0.00184488 0.00433609 0.135329
-0.00185423 0.00449178 0.135184
-0.00190327 0.00407209 0.13564
-0.00207044 0.00407285 0.136335
-0.00169688 0.00408952 0.135463
-0.00187573 0.0040325 0.135628
-0.00161489 0.00436932 0.13582
-0.00185597 0.0041407 0.135178
-0.00161812 0.00436522 0.136526
-0.0016477 0.00414627 0.13576
-0.00185402 0.00398918 0.135188
-0.00168139 0.00428164 0.136219
-0.00144066 0.00440525 0.135666
-0.00143775 0.00469342 0.135534
-0.00184699 0.00434517 0.136122
-0.00196621 0.00403255 0.135458
-0.0017677 0.00381099 0.135828
-0.00152769 0.00407731 0.135317
-0.00183478 0.00455997 0.135333
-0.00149631 0.00445875 0.135937
-0.00135223 0.00424338 0.135148
-0.00148852 0.00420692 0.135727
-0.00185408 0.00408783 0.136036
-0.00172397 0.00422592 0.135862
-0.00183278 0.00425204 0.135999
-0.00176126 0.00424878 0.135087
-0.00168095 0.00410021 0.135853
-0.00183847 0.00408414 0.135982
